pitch <- c(233,204,242,130,112,142)
sex <- c(rep("female",3), rep("male",3))
